EDITING THIS FILE WILL CAUSE DATEDIT TO DISPLAY ENTRIES IN A DIFFERENT MANNER THAN IT WAS ORIGINALLY DESIGNED. THE NUMBER INDICATE THE PARENT NODE TO WHICH A PARTICULAR ENTRY BELONGS IN THE "SORT BY ORIGIN" VIEWING MODE. FOR ALL BUT THE LAST ("UnitsSub") THE NUMBERS MEAN:
0-ZERG,
1-TERRAN,
2-PROTOSS,
3-OTHER.
FOR "UnitsSub" THE NUMBERS MEAN:
0-GROUND UNITS
1-AIR UNITS
2-HEROES
3-BUILDINGS
4-ADDONS
5-SPECIAL BUILDINGS
6-SPECIAL
7-CRITTERS
8-POWERUPS
9-RESOURCES

[Origins]
techdata=1,1,1,1,1,1,1,1,1,1,1,0,0,0,0,0,0,0,0,2,2,2,2,2,1,2,3,2,2,2,1,2,0,3,1,3,3,3,3,3,3,3,3,3
upgrades=1,1,1,0,0,2,2,1,1,1,0,0,0,2,2,2,1,1,1,1,1,1,1,1,0,0,0,0,0,0,0,0,0,2,2,2,2,2,2,2,2,2,2,2,2,3,3,2,3,2,3,1,0,0,1,3,3,3,3,3,3
weapons=1,1,1,1,1,1,1,1,1,1,1,1,1,1,1,1,1,1,1,1,1,1,1,1,1,1,1,1,1,1,1,1,1,1,1,0,0,0,0,0,0,0,0,0,0,0,0,0,0,0,0,0,0,0,0,0,0,0,0,0,0,0,2,2,2,2,2,2,2,2,2,2,3,2,2,2,2,2,2,2,2,2,2,2,2,2,2,3,3,3,3,3,3,3,3,3,3,3,3,3,2,2,1,1,0,2,2,1,2,0,3,2,1,1,2,2,1,3,3,3,3,3,3,3,3,3,3,3,3,3
units=1,1,1,1,1,1,1,1,1,1,1,1,1,1,1,1,1,1,1,1,1,1,1,1,1,1,1,1,1,1,1,1,1,1,1,0,0,0,0,0,0,0,0,0,0,0,0,0,0,0,0,0,0,0,0,0,0,0,1,0,2,2,0,2,2,2,2,2,2,2,2,2,2,2,2,2,2,2,2,2,2,2,2,2,2,2,2,2,2,3,3,0,0,3,3,3,3,0,2,1,1,3,1,0,0,3,1,1,1,1,1,1,1,1,1,1,1,1,1,1,1,1,1,1,1,1,1,1,3,3,0,0,0,0,0,0,0,0,0,0,0,0,0,0,0,0,0,0,0,0,0,0,0,0,2,2,2,2,2,2,2,2,2,2,2,2,2,2,2,2,2,2,2,2,2,2,3,3,3,3,3,3,3,3,3,3,3,3,3,2,1,0,1,2,0,1,2,0,1,2,1,0,3,3,3,3,3,3,3,3,3,3,3,3,3,3,3,3,3,3,3,3,3,3,3,3,3,3
unitsSub=0,0,0,0,0,0,0,0,1,1,2,1,1,0,1,0,2,2,2,2,2,2,2,2,2,2,2,2,2,2,0,0,0,6,0,0,0,0,0,0,0,0,1,1,1,1,0,1,2,2,0,2,2,2,2,2,2,2,1,1,1,0,1,0,0,0,0,0,0,1,1,1,1,1,2,2,2,2,2,2,2,2,2,0,1,0,2,2,2,7,7,5,5,7,7,7,7,0,2,2,2,6,2,0,2,6,3,4,4,3,3,3,3,3,3,4,3,4,4,5,4,5,3,3,3,3,5,5,8,8,3,3,3,3,3,3,3,3,3,3,3,3,3,3,3,5,3,5,5,3,5,5,5,5,3,3,3,3,5,3,3,5,3,3,3,3,3,3,5,3,3,3,3,5,5,5,9,9,9,5,5,5,5,5,5,5,5,5,9,5,5,6,6,6,6,6,6,6,6,6,5,5,6,6,6,6,6,6,6,6,6,6,6,6,6,8,8,8,8,8,8,8,8,8,8,8,8,8